nodes=29
edges=84
labels=2
type=int

n 0 0 0
n 1 0 0
n 2 0 0
n 3 0 7946
n 4 0 0
n 5 0 0
n 6 0 0
n 7 0 49338
n 8 0 0
n 9 0 0
n 10 0 0
n 11 0 8596
n 12 0 0
n 13 0 0
n 14 0 0
n 15 0 0
n 16 0 0
n 17 0 0
n 18 0 0
n 19 0 0
n 20 0 0
n 21 0 0
n 22 0 18680
n 23 0 7756
n 24 0 0
n 25 0 0
n 26 0 0
n 27 0 0
n 28 0 0
e 0 9 0 11820 0 0
e 1 9 0 11820 0 0
e 3 9 0 0 11820 0
e 4 9 0 11820 0 0
e 1 10 0 29144 0 0
e 2 10 0 28578 566 0
e 4 10 0 8468 20676 0
e 5 10 0 21242 7902 0
e 3 11 0 0 17192 0
e 4 11 0 17192 0 0
e 6 11 0 0 17192 0
e 7 11 0 0 17192 0
e 3 4 0 0 0 12740
e 3 6 0 0 620 0
e 3 7 0 0 0 16326
e 4 6 0 0 0 10878
e 4 7 0 0 0 11602
e 6 7 0 0 0 1250
e 4 12 0 3770 0 0
e 5 12 0 3770 0 0
e 7 12 0 0 3770 0
e 8 12 0 3770 0 0
e 1 13 0 1252 1252 0
e 3 13 0 0 2504 0
e 4 13 0 1252 1252 0
e 1 3 0 0 0 1170
e 1 4 8678 0 0 51692
e 0 14 0 3644 3644 0
e 3 14 0 0 7288 0
e 4 14 0 3644 3644 0
e 0 3 0 0 0 3284
e 0 4 1262 0 0 13082
e 0 15 0 3682 9386 0
e 1 15 0 648 12420 0
e 4 15 0 8738 4330 0
e 0 1 0 0 0 14854
e 0 16 0 12018 0 0
e 1 16 0 0 12018 0
e 3 16 0 0 12018 0
e 2 17 0 1148 614 0
e 4 17 0 24 1738 0
e 5 17 0 590 1172 0
e 2 4 0 0 0 3694
e 2 5 0 0 0 24318
e 4 5 0 0 0 1478
e 1 18 0 23877 8523 0
e 4 18 0 0 32400 0
e 5 18 0 8523 23877 0
e 1 5 878 0 0 27074
e 1 19 0 847 19625 0
e 2 19 0 0 20472 0
e 5 19 0 19625 847 0
e 1 2 0 0 0 10500
e 1 20 0 11646 418 0
e 2 20 0 0 12064 0
e 4 20 0 418 11646 0
e 4 21 0 9702 0 0
e 6 21 0 0 9702 0
e 7 21 0 0 9702 0
e 3 22 0 0 41416 0
e 6 22 0 22736 18680 0
e 7 22 0 0 41416 0
e 3 23 0 0 7756 0
e 4 23 0 7756 0 0
e 7 23 0 0 7756 0
e 3 24 0 0 2760 0
e 4 24 0 2760 0 0
e 6 24 0 2760 0 0
e 5 25 0 4268 0 0
e 7 25 0 0 4268 0
e 8 25 0 0 4268 0
e 5 7 0 0 0 11230
e 5 8 2932 0 0 1306
e 7 8 0 0 0 7026
e 4 26 0 816 0 0
e 7 26 0 0 816 0
e 8 26 0 816 0 0
e 4 27 0 0 4060 0
e 5 27 0 4060 0 0
e 8 27 0 0 4060 0
e 4 8 0 0 0 4486
e 4 28 0 0 9072 0
e 5 28 0 9072 0 0
e 7 28 0 0 9072 0
